5379
3131
597
3495
8185
3127
7419
2591
8185
9531
9565
4185
6583
2083
17
9431
8353
279
5543
7627
659
1597
1021
6715
3599
5665
7919
6825
4245
9877
7951
9981
6449
6639
4113
5661
1879
4849
1875
8111
5155
4329
3389
5259
1963
5773
9555
401
3049
5563
6277
6651
8749
7799
6043
1681
6267
4419
6481
4981
3913
2325
4447
6313
3907
1069
803
161
5187
2017
3089
2207
1143
6477
1691
6153
5473
3017
8093
2359
963
6391
5061
9143
5005
1891
563
4921
939
187
4537
1391
8417
2317
8477
9929
5267
9893
9711
6825
1911
4735
8087
751
7461
4559
3943
9259
4519
6463
2831
5735
8289
477
5627
2069
1491
9891
8057
2431
8801
2689
6909
5191
4339
4941
3749
1577
1903
8967
5489
1833
1301
5243
1873
7767
4629
4445
4775
2991
6991
7177
9641
5599
7863
3373
6367
8321
273
8313
6139
2753
6765
3813
2707
7499
815
9143
9895
3185
4449
6759
1937
2171
9705
9851
4219
3553
2021
4783
8721
3479
8571
1561
6231
3967
3049
8647
2533
4911
2945
7263
4301
7775
4921
5479
323
1459
9941
4339
8973
7579
3069
2073
6939
8953
7521
477
1891
6937
1897
4027
8131
7251
5271
7249
9381
79
2981
987
7161
2325
4481
8723
2007
9563
2583
2495
8569
311
4939
4863
9129
6171
2447
415
7557
8243
8391
8779
6925
1681
8529
9571
1923
7891
4483
9761
8119
4991
8033
8831
9839
6275
1591
2365
3253
177
7271
8967
1159
9711
7205
9563
8795
433
8975
5933
7437
1285
4297
2253
3741
9559
9435
3639
9667
9647
827
5587
6845
7301
5659
4929
6847
8221
4539
119
8907
127
4873
4469
9487
7729
9919
4417
1343
6793
5655
6285
9527
7549
771
2257
5881
1689
4097
2867
9119
8041
9739
5679
1613
2681
8249
8785
9219
7593
1739
6957
6737
2751
2375
3809
1953
7675
7615
3847
4009
165
6675
6505
2353
6393
2161
1833
4439
3829
689
199
6459
139
5599
7857
9105
6823
5513
919
1299
2701
9619
4449
6167
2021
147
2159
1167
7967
4361
7025
2423
2315
3779
1195
2567
6029
4689
235
6789
9487
3023
5563
5179
899
6347
1427
7417
7461
7303
669
4699
7373
5459
4757
669
8481
4313
4407
6125
6077
2351
8091
2223
4533
9441
2881
9329
2183
2353
863
6101
1101
3527
9541
6671
2435
703
1349
9285
7495
5777
3303
2333
7365
9823
8521
7385
709
6297
8985
3305
9605
3833
273
4039
8933
3551
887
2773
4035
2173
4293
2175
6385
6849
3915
299
7589
719
479
3699
7085
7193
5783
9589
9823
1261
4361
1127
8781
6451
3221
2293
1397
3303
4099
2979
5083
9193
1065
9485
311
3245
2081
9357
9955
3305
7935
6003
2137
9431
9333
1001
6601
8997
8283
3557
7767
1643
9599
2857
4369
8957
2877
9917
4091
8097
5071
8103
8483
5485
297
1315
9899
673
4027
4583
1797
6711
2325
2081
8233
2317
5961
4905
9009
3311
4881
5249
1551
2293
3571
6769
8801
7913
401
9335
5371
4739
6047
5275
4435
7097
4409
2611
5953
5379
9265
3627
1323
9625
5489
1545
4595
5501
6299
8007
6329
1429
1753
2389
1959
3955
741
8945
6423
3207
2747
3077
5305
2863
7303
8173
8099
8159
2531
783
3317
7199
533
9299
5143
6485
803
1049
3329
3863
5017
1101
567
5637
2701
6045
2207
3581
4291
7815
3171
6661
4643
2243
649
353
2059
3973
9681
4235
3141
3197
8451
615
999
5007
2807
3313
4569
6669
739
213
103
9167
2539
9503
9341
3901
6385
3781
275
815
9355
6857
7305
6817
5015
367
8657
2983
3673
2117
7099
4951
943
45
1865
2499
9689
859
9705
2645
8273
929
5041
291
5459
5119
797
6937
4813
375
1891
269
8845
2913
7869
2123
3779
8371
5379
1187
9911
1857
5485
9249
9313
2259
8173
85
6937
2423
7021
3715
2241
6407
2901
7435
9311
8051
9905
1925
5957
557
53
6297
7515
5813
2349
61
2171
5265
4333
2773
67
2295
3183
5357
519
7891
223
5143
8365
4923
9755
691
7629
6795
1829
8969
6569
5421
4341
5631
9543
8795
4109
6263
7039
2781
7851
4365
1613
2119
3937
9901
8857
4561
4049
1561
8515
239
5891
451
1347
3177
8915
7465
3945
7425
5485
4981
7277
5813
7503
8555
1079
9837
8889
1959
3005
1541
4113
6937
6855
3485
8553
5135
6295
2503
5519
5875
5597
7505
267
3533
2315
9377
3597
2731
6453
4317
8591
1251
9433
3075
5109
6591
8983
7431
4949
6181
9009
9637
7143
2457
6651
1435
9945
3619
1079
5553
6169
3277
8703
2591
9369
9019
23
3943
6031
9021
3673
9261
7595
1471
7
8441
9545
4059
9655
6037
3647
5399
5287
1323
1667
1149
5639
4655
6533
3361
927
601
4835
1773
2029
9875
1979
6053
8707
5593
2365
2939
2703
3185
7895
6271
9915
6723
6005
6571
7881
7173
5793
6163
9235
2617
6075
4473
7899
3469
8685
5503
2225
2391
7581
8375
7715
5767
723
9259
8661
3729
4291
2747
989
9691
8825
2553
3135
3681
4781
9397
8571
859
633
6487
4575
5683
1651
1849
8101
6501
8685
3159
6151
985
7513
8941
8463
7801
7243
1877
8629
9791
281
529
5185
6681
2895
605
3737
2175
4115
9995
6577
1641
1235
3805
3189
5053
8829
1253
4623
2547
9179
7261
4247
4299
8577
965
4305
4617
8335
4725
5547
7807
7763
8635
487
6235
3045
5961
1701
555
8059
2149
9869
8001
675
8859
3281
6861
3913
1275
8967
9071
6875
3749
4665
3397
2487
9305
515
3793
5801
8421
485
1411
877
1185
899
6625
1125
3181
9707
9143
8967
4795
759
4385
4493
8455
1415
6131
71
8685
4733
1361
7239
2989
4875
4651
8537
2671
9959
3171
3891
5723
8707
3355
1765
9635
6077
3081
2655
4661
3433
2473
5437
9843
2231
9919
3877
1457
2959
6489
4047
9223
5411
6259
5241
7657
4961
9591
457
4633
4703
9197
7247
1123
3217
